#!/usr/bin/env python2
# -*- coding: utf-8 -*-
"""
Created on Wed Jun  7 11:49:05 2017

@author: zqwu
"""
import numpy as np

AminoAcid = {
    '-': None,
    'A': 0,
    'R': 1,
    'N': 2,
    'D': 3,
    'C': 4,
    'Q': 5,
    'E': 6,
    'G': 7,
    'H': 8,
    'I': 9,
    'L': 10,
    'K': 11,
    'M': 12,
    'F': 13,
    'P': 14,
    'S': 15,
    'T': 16,
    'W': 17,
    'Y': 18,
    'V': 19,
    'B': 20,
    'Z': 21,
    'X': 22,
    'U': 23}

AminoAcid_Entropy = {
    '-': 20,
    'A': 0,
    'R': 1,
    'N': 2,
    'D': 3,
    'C': 4,
    'Q': 5,
    'E': 6,
    'G': 7,
    'H': 8,
    'I': 9,
    'L': 10,
    'K': 11,
    'M': 12,
    'F': 13,
    'P': 14,
    'S': 15,
    'T': 16,
    'W': 17,
    'Y': 18,
    'V': 19}

AminoAcid_SMILES = [
    'O=C(O)C(N)C',
    'O=C(O)C(N)CCC/N=C(\N)N',
    'O=C(N)C[C@H](N)C(=O)O',
    'O=C(O)CC(N)C(=O)O',
    'C([C@@H](C(=O)O)N)S',
    'O=C(N)CCC(N)C(=O)O',
    'C(CC(=O)O)C(C(=O)O)N',
    'C(C(=O)O)N',
    'C1=C(NC=N1)C[C@@H](C(=O)O)N',
    'CC[C@H](C)[C@@H](C(=O)O)N',
    'CC(C)C[C@@H](C(=O)O)N',
    'C(CCN)CC(C(=O)O)N',
    'CSCCC(C(=O)O)N',
    'c1ccc(cc1)C[C@@H](C(=O)O)N',
    'C1CC(NC1)C(=O)O',
    'C([C@@H](C(=O)O)N)O',
    'C[C@H]([C@@H](C(=O)O)N)O',
    'c1ccc2c(c1)c(c[nH]2)C[C@@H](C(=O)O)N',
    'N[C@@H](Cc1ccc(O)cc1)C(O)=O',
    'CC(C)[C@@H](C(=O)O)N',
    'C(C(C(=O)O)N)[Se]']


BLOSUM62 = np.array([
    [1,-4,-4,-4,-4,-4,-4,-4,-4,-4,-4,-4,-4,-4,-4,-4,-4,-4,-4,-4,-4,-4,-4,-4],
    [-4,4,-1,-2,-2,0,-1,-1,0,-2,-1,-1,-1,-1,-2,-1,1,0,-3,-2,0,-2,-1,0],
    [-4,-1,5,0,-2,-3,1,0,-2,0,-3,-2,2,-1,-3,-2,-1,-1,-3,-2,-3,-1,0,-1],
    [-4,-2,0,6,1,-3,0,0,0,1,-3,-3,0,-2,-3,-2,1,0,-4,-2,-3,3,0,-1],
    [-4,-2,-2,1,6,-3,0,2,-1,-1,-3,-4,-1,-3,-3,-1,0,-1,-4,-3,-3,4,1,-1],
    [-4,0,-3,-3,-3,9,-3,-4,-3,-3,-1,-1,-3,-1,-2,-3,-1,-1,-2,-2,-1,3,-3,-2],
    [-4,-1,1,0,0,-3,5,2,-2,0,-3,-2,1,0,-3,-1,0,-1,-2,-1,-2,0,3,-1],
    [-4,-1,0,0,2,-4,2,5,-2,0,-3,-3,1,-2,-3,-1,0,-1,-3,-2,-2,1,4,-1],
    [-4,0,-2,0,-1,-3,-2,-2,6,-2,-4,-4,-2,-3,-3,-2,0,-2,-2,-3,-3,-1,-2,-1],
    [-4,-2,0,1,-1,-3,0,0,-2,8,-3,-3,-1,-2,-1,-2,-1,-2,-2,2,-3,0,0,-1],
    [-4,-1,-3,-3,-3,-1,-3,-3,-4,-3,4,2,-3,1,0,-3,-2,-1,-3,-1,3,-3,-3,-1],
    [-4,-1,-2,-3,-4,-1,-2,-3,-4,-3,2,4,-2,2,0,-3,-2,-1,-2,-1,1,-4,-3,-1],
    [-4,-1,2,0,-1,-3,1,1,-2,-1,-3,-2,5,-1,-3,-1,0,-1,-3,-2,-2,0,1,-1],
    [-4,-1,-1,-2,-3,-1,0,-2,-3,-2,1,2,-1,5,0,-2,-1,-1,-1,-1,1,-3,-1,-1],
    [-4,-2,-3,-3,-3,-2,-3,-3,-3,-1,0,0,-3,0,6,-4,-2,-2,1,3,-1,-3,-3,-1],
    [-4,-1,-2,-2,-1,-3,-1,-1,-2,-2,-3,-3,-1,-2,-4,7,-1,-1,-4,-3,-2,-2,-1,-2],
    [-4,1,-1,1,0,-1,0,0,0,-1,-2,-2,0,-1,-2,-1,4,1,-3,-2,-2,0,0,0],
    [-4,0,-1,0,-1,-1,-1,-1,-2,-2,-1,-1,-1,-1,-2,-1,1,5,-2,-2,0,-1,-1,0],
    [-4,-3,-3,-4,-4,-2,-2,-3,-2,-2,-3,-2,-3,-1,1,-4,-3,-2,11,2,-3,-4,-3,-2],
    [-4,-2,-2,-2,-3,-2,-1,-2,-3,2,-1,-1,-2,-1,3,-3,-2,-2,2,7,-1,-3,-2,-1],
    [-4,0,-3,-3,-3,-1,-2,-2,-3,-3,3,1,-2,1,-1,-2,-2,0,-3,-1,4,-3,-2,-1],
    [-4,-2,-1,3,4,-3,0,1,-1,0,-3,-4,0,-3,-3,-2,0,-1,-4,-3,-3,4,1,-1],
    [-4,-1,0,0,1,-3,3,4,-2,0,-3,-3,1,-1,-3,-1,0,-1,-3,-2,-2,1,4,-1],
    [-4,0,-1,-1,-1,-2,-1,-1,-1,-1,-1,-1,-1,-1,-1,-2,0,0,-2,-1,-1,-1,-1,-1]])

contact_potential = \
  [-0.2 ,  0.27,  0.24,  0.3 , -0.26,  0.21,  0.43, -0.03,  0.21,
   -0.35, -0.37,  0.2 , -0.23, -0.33,  0.07,  0.15,  0.  , -0.4 ,
   -0.15, -0.38,  0.  ,  0.27,  0.13,  0.02, -0.71,  0.32, -0.12,
   -0.75,  0.14,  0.04,  0.18,  0.09,  0.5 ,  0.17,  0.08, -0.02,
    0.12,  0.  , -0.41, -0.37,  0.17,  0.  ,  0.24,  0.02, -0.04,
   -0.12,  0.28, -0.05, -0.01,  0.1 ,  0.1 ,  0.55,  0.36, -0.14,
    0.32,  0.29,  0.13,  0.14,  0.  , -0.09,  0.01,  0.39,  0.  ,
    0.3 , -0.71, -0.12,  0.27,  0.38,  0.12,  0.4 ,  0.17, -0.22,
    0.54,  0.62, -0.69,  0.62,  0.48,  0.25,  0.01,  0.  ,  0.06,
   -0.07,  0.66,  0.  , -0.26,  0.32,  0.28,  0.38, -1.34,  0.04,
    0.46, -0.09, -0.19, -0.48, -0.5 ,  0.35, -0.49, -0.53, -0.18,
    0.09,  0.  , -0.74, -0.16, -0.51,  0.  ,  0.21, -0.12, -0.05,
    0.12,  0.04,  0.14,  0.1 ,  0.2 ,  0.22,  0.14,  0.08, -0.2 ,
   -0.01, -0.04, -0.05,  0.25,  0.  , -0.11, -0.18,  0.17,  0.  ,
    0.43, -0.75, -0.01,  0.4 ,  0.46,  0.1 ,  0.45,  0.48, -0.11,
    0.38,  0.37, -0.87,  0.24,  0.34,  0.26,  0.1 ,  0.  , -0.15,
   -0.16,  0.41,  0.  , -0.03,  0.14,  0.1 ,  0.17, -0.09,  0.2 ,
    0.48, -0.2 ,  0.23,  0.21,  0.14,  0.12,  0.08,  0.11, -0.01,
    0.1 ,  0.  , -0.24, -0.04,  0.04,  0.  ,  0.21,  0.04,  0.1 ,
   -0.22, -0.19,  0.22, -0.11,  0.23, -0.33,  0.19,  0.1 ,  0.26,
   -0.17, -0.19, -0.05,  0.15,  0.  , -0.46, -0.21,  0.18,  0.  ,
   -0.35,  0.18,  0.55,  0.54, -0.48,  0.14,  0.38,  0.21,  0.19,
   -0.6 , -0.79,  0.21, -0.6 , -0.65,  0.05,  0.35,  0.  , -0.65,
   -0.33, -0.68,  0.  , -0.37,  0.09,  0.36,  0.62, -0.5 ,  0.08,
    0.37,  0.14,  0.1 , -0.79, -0.81,  0.16, -0.68, -0.78, -0.08,
    0.26,  0.  , -0.7 , -0.44, -0.8 ,  0.  ,  0.2 ,  0.5 , -0.14,
   -0.69,  0.35, -0.2 , -0.87,  0.12,  0.26,  0.21,  0.16,  0.38,
    0.22,  0.11,  0.12,  0.1 ,  0.  , -0.28, -0.4 ,  0.16,  0.  ,
   -0.23,  0.17,  0.32,  0.62, -0.49, -0.01,  0.24,  0.08, -0.17,
   -0.6 , -0.68,  0.22, -0.56, -0.89, -0.16,  0.32,  0.  , -0.94,
   -0.51, -0.47,  0.  , -0.33,  0.08,  0.29,  0.48, -0.53, -0.04,
    0.34,  0.11, -0.19, -0.65, -0.78,  0.11, -0.89, -0.82, -0.19,
    0.1 ,  0.  , -0.78, -0.49, -0.67,  0.  ,  0.07, -0.02,  0.13,
    0.25, -0.18, -0.05,  0.26, -0.01, -0.05,  0.05, -0.08,  0.12,
   -0.16, -0.19, -0.07,  0.17,  0.  , -0.73, -0.4 , -0.08,  0.  ,
    0.15,  0.12,  0.14,  0.01,  0.09,  0.25,  0.1 ,  0.1 ,  0.15,
    0.35,  0.26,  0.1 ,  0.32,  0.1 ,  0.17,  0.13,  0.  ,  0.07,
    0.07,  0.25,  0.  ,  0.  ,  0.  ,  0.  ,  0.  ,  0.  ,  0.  ,
    0.  ,  0.  ,  0.  ,  0.  ,  0.  ,  0.  ,  0.  ,  0.  ,  0.  ,
    0.  ,  0.  ,  0.  ,  0.  ,  0.  ,  0.  , -0.4 , -0.41, -0.09,
    0.06, -0.74, -0.11, -0.15, -0.24, -0.46, -0.65, -0.7 , -0.28,
   -0.94, -0.78, -0.73,  0.07,  0.  , -0.74, -0.55, -0.62,  0.  ,
   -0.15, -0.37,  0.01, -0.07, -0.16, -0.18, -0.16, -0.04, -0.21,
   -0.33, -0.44, -0.4 , -0.51, -0.49, -0.4 ,  0.07,  0.  , -0.55,
   -0.27, -0.27,  0.  , -0.38,  0.17,  0.39,  0.66, -0.51,  0.17,
    0.41,  0.04,  0.18, -0.68, -0.8 ,  0.16, -0.47, -0.67, -0.08,
    0.25,  0.  , -0.62, -0.27, -0.72,  0.  ,  0.  ,  0.  ,  0.  ,
    0.  ,  0.  ,  0.  ,  0.  ,  0.  ,  0.  ,  0.  ,  0.  ,  0.  ,
    0.  ,  0.  ,  0.  ,  0.  ,  0.  ,  0.  ,  0.  ,  0.  ,  0.  ]